31 31
0 1
0 31
1 0
1 32
1 2
2 1
2 3
3 2
3 4
4 3
4 5
5 4
5 36
5 6
6 5
6 7
7 6
7 8
8 7
8 9
9 8
9 10
10 9
10 11
11 10
11 12
12 11
12 43
12 13
13 12
13 14
14 13
14 15
15 16
15 14
15 46
16 17
16 15
17 16
17 18
18 17
18 19
19 18
19 20
20 19
20 21
21 20
21 22
22 21
22 23
23 22
23 54
23 24
24 23
24 55
24 25
25 24
25 56
25 26
26 25
26 27
27 26
27 28
28 27
28 29
29 28
29 30
30 29
30 61
31 0
31 62
32 1
32 63
33 64
34 35
35 34
35 66
35 36
36 35
36 5
37 68
38 69
39 70
39 40
40 39
40 41
41 40
41 72
41 42
42 41
42 43
43 42
43 12
44 75
45 46
46 45
46 77
46 15
47 48
47 78
48 49
48 47
48 79
49 48
49 50
50 49
51 82
51 52
52 51
52 53
53 52
53 54
54 53
54 85
54 23
55 86
55 24
56 87
56 25
57 88
57 58
58 57
58 59
59 58
59 60
60 59
60 91
61 92
61 30
62 31
63 32
64 33
64 65
65 64
65 96
66 35
67 98
67 68
68 67
68 99
68 37
69 38
69 70
70 69
70 101
70 39
71 102
72 41
73 104
74 105
75 106
75 44
75 76
76 75
77 108
77 46
78 47
79 48
79 110
80 81
81 80
81 82
82 81
82 113
82 51
83 84
84 83
84 115
84 85
85 84
85 54
86 55
87 56
88 57
88 89
89 88
89 90
90 89
90 121
91 60
92 123
92 61
93 124
94 95
95 96
95 94
95 126
96 65
96 97
96 95
97 96
97 128
98 67
99 130
99 68
99 100
100 99
101 132
101 70
102 133
102 71
103 104
104 103
104 73
104 105
105 104
105 136
105 74
106 75
106 107
107 106
107 138
108 77
108 109
109 108
110 141
110 79
110 111
111 112
111 110
112 111
113 144
113 82
114 115
115 114
115 146
115 84
115 116
116 115
116 117
117 116
117 148
117 118
118 117
118 119
119 118
119 120
120 119
120 151
121 152
121 90
122 123
123 122
123 154
123 92
124 155
124 93
125 156
125 126
126 125
126 95
127 158
128 97
128 129
129 128
129 130
130 129
130 161
130 99
131 162
131 132
132 131
132 101
133 164
133 102
133 134
134 133
135 166
135 136
136 135
136 167
136 105
136 137
137 136
138 169
138 107
138 139
139 138
139 140
140 139
140 141
141 140
141 172
141 110
142 173
143 144
144 113
144 143
145 146
146 145
146 115
146 147
147 146
147 178
148 117
149 180
150 181
151 120
152 183
152 121
153 184
154 185
154 123
155 186
155 124
156 187
156 125
157 158
158 157
158 189
158 127
158 159
159 160
159 158
160 159
161 192
161 130
162 193
162 131
163 194
163 164
164 163
164 133
165 166
166 165
166 197
166 135
167 136
167 168
168 167
169 200
169 138
170 171
171 170
171 202
172 141
173 142
173 174
174 173
174 205
174 175
175 176
175 174
176 177
176 175
177 176
177 178
178 177
178 147
178 179
179 178
179 210
179 180
180 179
180 149
181 212
181 150
181 182
182 181
182 213
182 183
183 182
183 214
183 152
183 184
184 183
184 153
185 216
185 154
186 217
186 155
187 156
187 188
188 187
188 219
189 158
189 190
190 189
190 221
191 192
192 161
192 191
193 224
193 162
194 225
194 163
194 195
195 194
195 196
196 195
196 197
197 196
197 166
197 198
198 197
198 229
199 230
199 200
200 199
200 169
200 201
201 200
202 233
202 171
202 203
203 202
203 234
203 204
204 203
204 205
205 204
205 236
205 174
205 206
206 205
206 207
207 208
207 206
208 207
209 240
210 241
210 179
211 212
212 211
212 243
212 181
213 244
213 182
214 183
214 215
215 214
216 247
216 185
217 248
217 186
217 218
218 217
218 219
219 218
219 188
219 220
220 219
221 252
221 190
221 222
222 221
222 223
223 222
224 193
224 255
225 194
225 226
226 225
226 257
227 258
227 228
228 227
228 259
229 198
230 261
230 199
231 262
231 232
232 231
232 263
232 233
233 232
233 264
233 202
234 203
235 266
236 267
236 205
236 237
237 236
238 239
239 238
239 270
240 209
240 241
241 240
241 210
241 242
242 241
242 243
243 242
243 274
243 212
244 213
245 276
245 246
246 245
246 247
247 246
247 278
247 216
248 279
248 217
249 280
249 250
250 249
250 281
250 251
251 250
252 283
252 221
252 253
253 252
253 254
254 253
254 255
255 224
255 256
255 254
256 255
256 287
257 226
257 258
258 257
258 289
258 227
259 290
259 228
259 260
260 259
260 261
261 260
261 230
262 293
262 231
263 232
264 233
265 296
265 266
266 265
266 235
267 236
267 268
268 267
269 300
269 270
270 269
270 239
270 271
271 270
272 273
272 303
273 272
273 274
274 273
274 243
274 275
275 274
275 306
276 307
276 245
277 308
278 309
278 247
279 310
279 248
280 311
280 249
281 312
281 250
282 283
283 282
283 314
283 252
284 285
285 284
285 286
286 285
286 317
287 256
287 288
288 287
288 319
289 320
289 258
290 259
291 322
291 292
292 291
292 323
292 293
293 292
293 262
294 325
294 295
295 294
295 296
296 295
296 265
297 328
297 298
298 297
298 299
299 298
299 300
300 299
300 331
300 269
301 302
302 301
302 303
303 272
303 302
303 334
304 305
305 304
305 306
306 305
306 275
307 338
307 276
308 339
308 277
309 340
309 278
310 341
310 279
311 342
311 280
312 343
312 281
312 313
313 312
314 345
314 283
314 315
315 314
315 346
316 347
316 317
317 316
317 286
317 318
318 317
319 288
319 350
320 289
320 351
321 322
322 321
322 353
322 291
323 292
323 324
324 323
324 325
325 324
325 294
325 326
326 325
327 328
328 327
328 297
329 360
329 330
330 329
331 300
331 332
332 331
332 363
333 334
334 333
334 365
334 303
334 335
335 336
335 334
336 335
337 368
337 338
338 337
338 307
339 370
339 308
340 371
340 309
341 372
341 310
342 373
342 311
343 312
344 375
344 345
345 344
345 314
346 377
346 315
347 378
347 316
348 349
349 348
349 350
350 349
350 319
351 320
351 352
351 382
352 351
352 383
353 322
353 354
354 353
354 355
355 354
355 386
355 356
356 355
356 357
357 356
357 388
357 358
358 357
358 359
359 358
359 360
360 359
360 329
361 392
361 362
362 361
362 363
363 362
363 332
364 395
364 365
365 364
365 396
365 334
365 366
366 365
367 368
367 398
368 337
368 367
369 400
369 370
370 369
370 339
371 402
371 340
372 403
372 341
373 404
373 342
374 375
375 374
375 344
376 407
376 377
377 376
377 346
378 409
378 347
378 379
379 378
379 380
380 379
380 381
381 380
381 412
382 351
383 352
383 414
384 385
385 384
385 386
386 385
386 355
386 387
387 386
387 418
388 419
388 357
389 420
389 390
390 389
390 421
390 391
391 390
391 392
392 391
392 423
392 361
393 394
394 393
394 425
395 426
395 364
396 365
396 397
397 396
398 429
398 367
399 400
400 369
400 401
400 399
401 400
401 402
402 401
402 433
402 371
403 434
403 372
404 435
404 373
405 436
405 406
406 405
406 407
407 406
407 376
408 439
408 409
409 408
409 440
409 378
410 411
411 410
411 442
412 381
412 413
413 412
413 414
414 413
414 383
414 415
415 414
415 446
416 447
417 448
417 418
418 417
418 387
419 450
419 388
420 389
421 452
421 390
422 453
423 392
423 424
424 423
425 456
425 394
425 426
426 425
426 395
427 458
427 428
428 427
428 429
429 428
429 398
430 431
431 432
431 430
431 462
432 431
433 464
433 402
434 465
434 403
435 404
435 436
436 435
436 405
437 468
437 438
438 437
438 439
439 438
439 408
440 471
440 409
440 441
441 440
442 473
442 411
442 443
443 442
443 444
444 443
444 475
444 445
445 444
445 476
446 477
446 415
447 416
447 478
448 417
449 480
450 419
450 451
451 450
451 482
452 483
452 421
453 422
453 454
454 453
454 485
454 455
455 454
455 486
455 456
456 455
456 425
457 488
458 427
458 459
459 458
459 460
460 459
460 491
461 492
461 462
462 461
462 431
463 494
464 433
465 496
465 434
466 467
467 466
467 468
468 467
468 499
468 437
469 470
470 469
470 471
471 470
471 502
471 440
472 503
473 504
473 442
474 505
475 506
475 444
476 507
476 445
477 508
477 446
478 509
478 447
478 479
479 480
479 478
480 449
480 479
481 512
481 482
482 481
482 451
483 452
483 484
484 483
484 515
485 454
486 517
486 455
486 487
487 486
487 488
488 487
488 457
488 489
489 488
489 490
490 489
490 521
491 460
491 492
492 491
492 461
493 524
494 525
494 463
495 526
496 465
496 497
496 527
497 496
497 498
498 497
498 529
499 530
499 468
500 531
500 501
501 500
502 533
502 471
503 472
503 504
504 503
504 473
505 536
505 474
506 537
506 475
507 476
508 477
508 509
509 508
509 478
510 541
510 511
511 512
511 510
512 481
512 511
512 543
513 544
513 514
514 513
514 545
514 515
515 514
515 484
515 516
516 515
516 547
517 548
517 486
518 549
518 519
519 518
519 520
520 519
520 551
521 490
521 522
522 521
522 523
523 522
523 554
523 524
524 523
524 555
524 493
524 525
525 524
525 494
526 557
526 495
527 496
527 558
528 559
529 498
530 561
530 499
530 531
531 530
531 500
532 563
533 564
533 502
533 534
534 533
534 535
535 534
535 536
536 535
536 567
536 505
537 506
537 538
538 537
538 539
539 538
539 540
540 539
540 571
540 541
541 540
541 510
542 573
543 512
544 513
544 575
545 576
545 514
546 577
547 578
547 516
548 517
549 518
549 550
550 549
551 520
551 552
552 551
552 553
553 552
553 584
554 585
554 523
555 524
556 557
557 556
557 588
557 526
558 589
558 527
558 559
559 528
559 558
560 561
560 591
561 560
561 530
562 593
562 563
563 562
563 532
564 595
564 533
565 596
566 597
566 567
567 566
567 536
567 568
568 567
568 569
569 568
569 570
570 569
570 601
571 540
571 572
572 571
573 542
573 574
574 573
574 575
575 544
575 574
576 545
576 607
577 608
577 546
578 547
578 579
579 578
579 580
580 579
580 611
580 581
581 580
581 582
582 581
582 583
583 582
583 584
584 583
584 615
584 553
585 554
586 617
587 618
588 619
588 557
589 620
589 558
589 590
590 589
591 560
591 622
592 623
593 562
593 594
594 593
594 625
595 564
596 627
596 565
597 628
597 566
598 599
599 598
599 630
600 631
601 632
601 570
602 603
603 602
603 604
604 603
604 635
604 605
605 604
605 606
606 605
606 607
607 576
607 606
608 577
608 639
609 640
610 641
610 611
611 610
611 580
612 613
613 612
613 644
613 614
614 613
615 646
615 584
616 617
617 616
617 648
617 586
617 618
618 617
618 587
619 650
619 588
620 651
620 589
621 652
621 622
622 621
622 653
622 591
623 592
623 624
623 654
624 623
625 656
625 594
625 626
626 625
626 627
627 626
627 596
627 628
628 627
628 597
628 629
629 628
629 660
630 661
630 599
630 631
631 630
631 600
632 601
632 633
633 632
633 634
634 633
634 665
634 635
635 634
635 604
636 637
637 636
637 668
637 638
638 637
638 639
639 608
639 640
639 638
639 670
640 609
640 639
641 672
641 610
642 643
643 642
643 644
644 643
644 675
644 613
645 676
645 646
646 645
646 615
646 647
647 646
647 648
648 647
648 617
649 680
650 681
650 619
651 682
651 620
652 683
652 621
653 622
654 685
654 623
655 656
656 625
656 655
656 687
657 658
658 657
658 659
659 658
659 690
659 660
660 659
660 629
661 692
661 630
661 662
662 661
662 693
662 663
663 662
663 694
663 664
664 663
665 634
666 697
667 698
667 668
668 667
668 699
668 637
669 700
670 701
670 639
670 671
671 670
672 641
672 673
673 672
673 674
674 673
675 706
675 644
676 707
676 645
677 708
678 679
679 678
679 710
680 649
680 681
681 680
681 712
681 650
682 713
682 651
683 652
683 684
684 683
684 715
685 654
685 686
686 685
686 717
687 656
687 688
688 689
688 687
689 688
689 720
690 659
691 722
691 692
692 691
692 661
693 662
694 663
694 695
695 694
695 696
696 695
696 727
696 697
697 696
697 728
697 666
697 698
698 697
698 667
699 730
699 668
700 731
700 669
701 670
701 702
702 701
702 733
703 704
704 705
704 703
705 704
705 736
705 706
706 705
706 675
707 738
707 676
707 708
708 707
708 677
708 709
709 708
709 740
710 741
710 679
710 711
711 710
711 712
712 711
712 743
712 681
713 744
713 682
713 714
714 713
714 745
715 684
715 716
716 715
716 747
717 686
717 718
718 717
718 749
719 720
720 689
720 721
720 719
721 720
721 722
722 721
722 753
722 691
723 754
723 724
724 723
724 725
725 724
725 726
726 725
726 757
727 696
728 697
729 760
730 761
730 699
731 700
731 732
732 731
732 763
733 702
734 735
735 734
735 766
736 705
736 767
737 738
738 737
738 707
739 770
740 771
740 709
741 772
741 710
742 773
743 774
743 712
744 775
744 713
745 776
745 714
745 746
746 745
747 778
747 716
747 748
748 747
749 718
749 750
750 749
750 781
751 752
752 751
752 783
753 784
753 722
754 785
754 723
755 786
755 756
756 755
756 757
757 756
757 726
758 789
758 759
759 758
760 791
760 729
761 792
761 730
761 762
762 761
763 794
763 732
763 764
764 763
764 795
765 796
765 766
766 765
766 735
766 767
767 736
767 768
767 766
768 769
768 767
769 768
769 770
770 769
770 801
770 739
771 802
771 740
772 803
772 741
773 804
773 742
774 805
774 743
775 806
775 744
776 807
776 745
777 778
778 777
778 747
778 779
779 778
779 780
780 779
780 811
781 812
781 750
781 782
782 781
783 752
783 814
784 753
784 815
785 816
785 754
786 755
786 787
787 786
787 818
788 819
789 758
789 790
790 789
790 821
790 791
791 790
791 760
792 761
792 793
793 792
793 824
793 794
794 793
794 763
795 764
795 796
796 795
796 765
797 828
797 798
798 797
798 829
799 800
800 799
800 831
801 770
802 833
802 771
803 772
804 835
804 773
805 836
805 774
806 837
806 775
807 776
807 808
808 807
808 809
809 808
809 810
810 809
810 841
811 780
811 812
812 811
812 781
813 844
813 814
814 813
814 845
814 783
815 784
815 846
816 785
816 817
816 847
817 816
818 787
819 850
819 788
819 820
820 819
820 821
821 820
821 852
821 790
822 823
823 822
823 824
824 823
824 855
824 793
824 825
825 824
825 856
826 827
827 826
827 828
828 827
828 859
828 797
829 860
829 798
830 831
831 800
831 832
831 830
831 862
832 833
832 831
833 832
833 864
833 802
833 834
834 833
834 835
835 834
835 866
835 804
836 867
836 805
837 868
837 806
837 838
838 837
839 870
839 840
840 839
840 841
841 840
841 810
841 842
842 841
842 843
843 842
843 874
843 844
844 843
844 813
845 814
846 877
846 815
847 816
847 878
848 879
849 880
849 850
850 849
850 881
850 819
851 882
851 852
852 851
852 821
852 853
853 852
853 854
854 853
855 886
855 824
856 825
856 857
857 856
857 888
857 858
858 857
858 889
859 828
860 829
860 861
861 860
861 892
861 862
862 861
862 893
862 831
862 863
863 862
864 833
865 896
866 835
867 898
867 836
868 899
868 837
869 870
870 869
870 901
870 839
871 872
872 871
872 903
872 873
873 872
874 905
874 843
875 906
875 876
876 875
876 907
876 877
877 876
877 846
878 847
878 879
879 848
879 880
879 878
880 849
880 879
881 850
882 913
882 851
883 884
884 883
884 915
885 886
886 885
886 855
886 887
887 886
887 918
888 857
889 920
889 858
890 921
890 891
891 890
891 892
892 891
892 923
892 861
893 862
894 925
895 896
896 865
896 897
896 895
897 896
897 898
898 897
898 929
898 867
899 930
899 868
900 931
901 870
901 902
902 901
903 934
903 872
904 905
905 904
905 874
906 875
907 876
908 939
909 940
910 911
911 912
911 910
911 942
912 913
912 911
913 912
913 882
914 915
915 914
915 946
915 884
915 916
916 915
916 917
917 916
918 887
918 919
919 918
920 951
920 889
921 890
922 953
923 892
923 924
924 923
925 956
925 894
925 926
926 925
927 928
928 929
928 927
929 928
929 960
929 898
930 899
930 931
931 930
931 900
931 932
932 931
932 933
933 932
933 934
934 933
934 903
934 935
935 934
935 936
936 935
936 937
937 936
937 938
938 937
938 939
939 938
939 908
939 940
940 939
940 909
940 941
941 940
941 942
942 941
942 911
942 943
943 944
943 942
944 945
944 943
945 944
945 946
946 945
946 915
946 947
947 946
947 948
948 947
948 949
949 948
949 950
950 949
950 951
951 950
951 920
951 952
952 951
952 953
953 952
953 922
953 954
954 953
954 955
955 954
955 956
956 955
956 925
956 957
957 956
957 958
958 957
958 959
959 960
959 958
960 929
960 959
