30 30
0 30
1 2
1 31
2 32
2 1
2 3
3 2
3 4
4 3
5 35
5 6
6 36
6 5
6 7
7 37
7 6
7 8
8 7
8 9
9 8
9 10
10 9
10 11
11 10
12 42
12 13
13 43
13 12
13 14
14 13
15 16
15 45
16 17
16 15
17 16
17 18
18 17
18 19
19 49
19 18
19 20
20 19
20 21
21 20
21 22
22 21
23 53
24 54
25 55
25 26
26 25
26 27
27 26
27 28
28 27
28 29
29 59
29 28
30 0
30 60
31 1
31 61
32 33
32 2
33 32
33 63
34 64
34 35
35 34
35 5
36 66
36 6
37 7
38 68
38 39
39 69
39 38
40 70
40 41
41 71
41 40
41 42
42 72
42 41
42 12
43 44
43 13
44 74
44 43
45 75
45 15
46 76
47 48
47 77
48 49
48 47
49 48
49 19
50 80
50 51
51 50
51 52
52 51
53 83
53 23
54 84
54 24
55 85
55 25
56 57
57 56
57 58
58 88
58 57
59 89
59 29
60 90
60 61
60 30
61 60
61 62
61 31
62 61
63 64
63 33
64 34
64 94
64 63
65 95
66 67
66 36
67 97
67 66
68 98
68 38
69 99
69 70
69 39
70 69
70 40
71 41
72 102
72 42
73 74
74 104
74 73
74 44
75 76
75 45
76 106
76 75
76 46
77 78
77 47
78 77
78 79
79 109
79 78
80 81
80 50
80 110
81 80
82 83
83 82
83 84
83 53
84 83
84 85
84 54
85 84
85 86
85 55
86 85
86 87
87 117
87 86
88 118
88 89
88 58
89 88
89 59
90 120
90 91
90 60
91 90
92 122
92 93
93 123
93 92
94 64
94 95
95 65
95 94
96 97
96 126
97 96
97 67
98 128
98 68
99 100
99 69
100 130
100 99
100 101
101 100
102 103
102 72
103 133
103 102
104 105
104 74
105 104
105 106
106 105
106 76
107 137
107 108
108 138
108 107
108 109
109 108
109 79
110 80
110 140
110 111
111 110
112 113
113 112
113 143
114 144
114 115
115 145
115 114
115 116
116 146
116 115
117 147
117 87
118 148
118 119
118 88
119 149
119 118
120 150
120 90
121 151
121 122
122 121
122 92
123 124
123 93
124 123
124 125
125 155
125 124
126 96
126 156
127 128
127 157
128 98
128 127
129 130
129 159
130 129
130 100
131 161
132 133
133 163
133 132
133 103
134 164
134 135
135 134
135 136
136 166
136 135
137 167
137 107
138 139
138 108
139 138
139 140
140 139
140 141
140 110
141 140
141 142
142 141
143 144
143 113
144 114
144 143
145 115
145 175
146 147
146 116
147 146
147 117
148 118
149 179
149 119
150 180
150 120
151 152
151 121
152 182
152 151
153 154
154 184
154 153
154 155
155 154
155 125
156 186
156 126
157 187
157 127
158 159
159 160
159 129
159 158
160 159
161 162
161 131
162 192
162 161
162 163
163 162
163 133
164 165
164 134
165 195
165 164
166 167
166 136
167 166
167 168
167 137
168 167
169 170
170 169
170 171
171 170
171 172
172 202
172 171
172 173
173 203
173 172
174 204
174 175
175 145
175 174
176 206
177 207
178 179
179 209
179 178
179 149
180 181
180 150
181 180
182 183
182 152
183 213
183 182
184 185
184 154
185 184
185 186
186 216
186 185
186 156
187 217
187 157
188 189
189 219
189 188
189 190
190 189
190 191
191 221
191 190
192 162
192 222
193 194
193 223
194 193
194 195
195 194
195 165
196 226
197 227
197 198
198 228
198 197
199 200
200 230
200 199
200 201
201 200
201 202
202 232
202 201
202 172
203 173
204 205
204 174
205 204
206 176
206 236
207 208
207 177
207 237
208 209
208 207
209 208
209 179
210 240
210 211
211 210
211 212
212 211
212 213
213 243
213 212
213 183
214 215
215 214
215 216
216 215
216 186
217 218
217 187
218 248
218 217
219 189
220 250
221 222
221 191
222 192
222 221
223 193
223 253
224 254
225 255
226 256
226 227
226 196
227 226
227 197
228 258
228 198
229 230
230 260
230 229
230 231
230 200
231 230
232 233
232 202
233 263
233 232
233 234
234 233
234 235
235 234
236 237
236 206
237 267
237 236
237 207
238 268
238 239
239 269
239 238
240 210
240 270
241 271
242 272
242 243
243 242
243 213
244 274
244 245
245 244
245 246
246 245
246 247
247 277
247 246
248 249
248 218
249 279
249 248
250 280
250 220
251 281
251 252
252 251
252 253
253 252
253 223
254 224
254 284
254 255
255 256
255 225
255 254
256 226
256 255
257 258
257 287
258 257
258 259
258 228
259 258
259 260
260 259
260 230
261 291
261 262
262 261
262 263
263 262
263 233
264 294
264 265
265 264
265 266
266 265
267 297
267 237
268 298
268 238
269 299
269 239
270 240
270 300
271 241
271 301
272 273
272 242
273 272
273 303
274 275
274 244
275 305
275 274
275 276
276 275
277 278
277 247
278 308
278 277
279 309
279 249
280 310
280 281
280 250
281 280
281 251
282 312
283 284
284 283
284 254
285 286
286 316
286 285
286 287
287 257
287 286
288 289
288 318
289 288
289 290
290 320
290 289
291 292
291 261
292 322
292 291
292 293
293 292
294 295
294 264
295 294
295 296
296 326
296 295
296 297
297 296
297 267
298 328
298 268
299 329
299 269
300 330
300 270
301 331
301 271
302 332
302 303
303 273
303 302
304 334
305 275
305 335
306 336
306 307
307 306
307 308
308 307
308 278
309 339
309 279
310 311
310 280
311 341
311 310
312 313
312 282
313 312
313 314
314 313
314 315
315 314
315 316
316 315
316 317
316 286
317 316
317 318
318 288
318 317
319 320
319 349
320 321
320 290
320 319
321 320
322 352
322 323
322 292
323 322
324 325
325 355
325 324
325 326
326 325
326 296
327 357
327 328
328 327
328 298
329 359
329 299
330 360
330 300
331 361
331 332
331 301
332 331
332 302
333 363
333 334
334 304
334 333
335 305
335 365
336 337
336 306
337 336
337 338
338 337
338 339
339 369
339 338
339 309
340 370
341 371
341 342
341 311
342 341
342 343
343 342
344 345
345 375
345 344
346 376
346 347
347 346
347 348
348 347
348 349
349 348
349 319
350 380
350 351
351 352
351 350
352 322
352 382
352 351
353 383
354 355
355 385
355 354
355 325
356 386
356 357
357 356
357 327
358 359
359 358
359 329
360 390
360 330
361 391
361 362
361 331
362 361
362 363
363 362
363 333
364 394
364 365
365 364
365 335
366 396
366 367
367 368
367 366
368 398
368 367
369 370
369 339
370 369
370 340
371 372
371 341
372 402
372 371
372 373
373 403
373 372
373 374
374 373
375 405
375 345
376 406
376 346
377 407
378 408
378 379
379 409
379 378
380 381
380 350
381 411
381 380
382 352
383 384
383 353
383 413
384 385
384 383
385 384
385 355
386 416
386 387
386 356
387 386
387 388
388 387
388 389
389 419
389 388
390 420
390 360
391 361
392 422
392 393
393 392
393 394
394 393
394 364
395 425
396 397
396 366
397 427
397 396
398 368
398 399
399 400
399 398
400 401
400 399
401 400
401 431
402 432
402 372
403 433
403 373
404 434
404 405
405 435
405 404
405 375
406 407
406 376
407 437
407 406
407 377
408 438
408 378
409 410
409 379
410 409
410 411
411 410
411 381
412 442
412 413
413 443
413 412
413 383
414 415
415 416
415 414
416 417
416 386
416 446
416 415
417 416
418 448
418 419
419 449
419 418
419 389
420 450
420 421
420 390
421 420
421 422
422 421
422 392
423 453
423 424
424 423
424 425
425 424
425 395
426 456
426 427
427 457
427 426
427 397
428 458
428 429
429 459
429 428
430 460
431 401
431 461
432 402
432 462
433 434
433 403
434 433
434 404
435 465
435 436
435 405
436 435
437 467
437 407
438 439
438 408
439 469
439 438
440 470
441 442
442 441
442 412
443 444
443 413
444 443
444 445
445 475
445 444
446 416
447 448
447 477
448 418
448 478
448 447
449 419
449 479
450 451
450 420
451 450
451 452
452 482
452 451
453 483
453 454
453 423
454 453
454 455
455 485
455 454
456 486
456 426
457 427
458 488
458 428
459 489
459 429
460 490
460 430
461 491
461 431
462 432
463 464
463 493
464 465
464 463
465 464
465 435
466 496
466 467
467 466
467 468
467 437
468 467
469 470
469 439
470 500
470 469
470 440
471 501
471 472
472 471
472 473
473 472
473 474
474 504
474 473
475 476
475 445
476 475
476 477
477 476
477 447
478 448
479 449
479 509
480 481
480 510
481 480
481 511
482 512
482 452
483 453
484 514
484 485
485 515
485 484
485 455
486 487
486 456
487 486
487 488
488 487
488 458
489 519
489 459
490 491
490 460
491 490
491 492
491 461
492 491
492 493
493 492
493 463
494 524
494 495
495 525
495 494
496 466
496 526
497 527
498 528
498 499
499 529
499 498
500 530
500 470
501 531
501 471
502 503
503 533
503 502
504 505
504 474
505 504
505 506
506 536
506 505
507 537
508 538
508 509
509 508
509 479
510 480
511 512
511 481
511 541
512 482
512 511
513 514
513 543
514 513
514 484
515 545
515 485
516 546
516 517
517 547
517 516
517 518
518 517
519 520
519 489
520 519
520 521
521 520
521 522
522 552
522 521
523 524
524 554
524 523
524 494
525 526
525 495
526 496
526 525
527 497
527 557
528 498
528 558
529 499
529 559
530 531
530 500
531 530
531 532
531 501
532 531
532 533
533 532
533 534
533 503
534 533
534 535
535 534
536 566
536 506
537 567
537 538
537 507
538 568
538 537
538 539
538 508
539 569
539 538
540 541
541 571
541 540
541 511
542 572
542 543
543 513
543 573
543 542
544 545
545 544
545 515
545 575
546 576
546 516
547 577
547 517
548 578
548 549
549 548
549 550
550 580
550 549
550 551
551 581
551 550
552 582
552 553
552 522
553 552
553 554
554 553
554 555
554 524
555 554
555 556
556 555
556 557
557 556
557 527
558 528
558 588
559 560
559 529
559 589
560 561
560 590
560 559
561 560
562 592
562 563
563 562
563 564
564 563
564 565
565 595
565 564
566 596
566 567
566 536
567 566
567 537
568 538
569 599
569 539
570 600
570 571
571 570
571 541
572 602
572 542
573 574
573 543
574 604
574 573
575 576
575 545
576 546
576 575
577 547
578 579
578 548
579 609
579 578
580 550
581 611
581 551
582 583
582 552
583 582
583 584
584 583
585 615
585 586
586 585
586 587
587 586
587 588
588 587
588 558
589 559
590 560
590 620
591 592
591 621
592 593
592 562
592 591
593 592
594 624
594 595
595 594
595 565
596 597
596 566
597 596
598 628
598 599
599 629
599 598
599 569
600 630
600 570
601 631
602 632
602 572
603 633
603 604
604 603
604 574
605 635
605 606
606 605
606 607
607 608
607 606
608 607
609 579
609 639
610 611
611 610
611 612
611 581
612 611
612 613
613 643
613 612
614 644
614 615
615 645
615 614
615 616
615 585
616 615
617 647
617 618
618 648
618 617
619 620
620 650
620 619
620 590
621 622
621 591
622 621
622 623
623 653
623 622
624 594
624 654
625 626
625 655
626 656
626 625
626 627
627 626
627 628
628 658
628 627
628 598
629 599
630 660
630 600
631 632
631 601
632 662
632 631
632 602
633 634
633 603
634 664
634 633
635 636
635 605
636 635
636 637
637 667
637 636
638 668
638 639
639 609
639 638
640 670
641 671
642 643
643 642
643 644
643 613
644 643
644 614
645 615
646 676
647 677
647 617
648 678
648 618
649 650
650 680
650 649
650 651
650 620
651 650
651 652
652 651
652 653
653 652
653 623
654 624
654 684
655 625
656 657
656 626
657 656
657 687
658 659
658 628
659 658
660 661
660 630
661 691
661 660
662 663
662 632
663 693
663 662
664 665
664 634
665 695
665 664
665 666
666 665
667 668
667 637
668 667
668 638
669 699
669 670
670 640
670 669
670 671
671 672
671 641
671 670
672 673
672 671
673 672
673 703
674 704
675 705
675 676
676 706
676 675
676 646
677 707
677 647
678 679
678 648
679 709
679 678
680 710
680 681
680 650
681 680
681 682
682 712
682 681
683 713
683 684
684 683
684 654
685 715
685 686
686 716
686 685
687 657
687 717
688 689
688 718
689 688
689 719
690 720
691 692
691 661
692 722
692 691
693 694
693 663
694 724
694 693
695 696
695 665
696 726
696 695
696 697
697 696
697 698
698 728
698 697
699 729
699 669
700 730
700 701
701 700
701 702
702 701
703 704
703 673
703 733
704 705
704 674
704 703
705 704
705 675
705 735
706 736
706 676
707 708
707 677
708 738
708 707
709 710
709 679
710 740
710 709
710 711
710 680
711 710
712 682
713 714
713 683
714 713
714 715
715 714
715 685
716 746
716 686
717 747
717 687
718 688
718 748
719 689
719 749
720 690
720 750
721 722
721 751
722 721
722 692
723 724
724 723
724 725
724 694
725 755
725 724
726 727
726 696
727 757
727 726
728 758
728 698
729 759
729 699
730 760
730 700
731 732
732 762
732 731
732 733
733 763
733 732
733 703
734 735
735 705
735 734
736 706
736 766
737 738
738 737
738 708
739 769
740 710
741 771
741 742
742 741
742 743
743 773
743 742
743 744
744 743
744 745
745 775
745 744
746 776
746 716
747 777
747 717
748 778
748 718
749 779
749 719
750 720
750 780
751 752
751 721
752 753
752 751
753 752
753 754
754 784
754 753
755 725
756 786
756 757
757 756
757 727
758 788
758 728
759 789
759 729
760 761
760 730
761 791
761 760
762 792
762 732
763 764
763 733
764 763
765 795
765 766
766 736
766 765
766 767
767 766
768 769
769 768
769 770
769 739
769 799
770 769
770 771
771 770
771 741
772 802
773 803
773 774
773 743
774 773
775 776
775 745
776 775
776 746
777 778
777 747
778 777
778 748
779 809
779 749
780 781
780 750
781 811
781 780
781 782
782 781
782 783
783 782
784 785
784 754
785 784
785 786
786 785
786 756
787 817
788 818
788 758
789 819
789 759
790 820
790 791
791 821
791 790
791 792
791 761
792 791
792 762
793 823
793 794
794 793
795 796
795 765
796 795
796 797
797 827
797 796
798 828
799 800
799 769
800 801
800 799
801 800
801 831
802 832
802 772
803 804
803 773
804 803
805 806
806 836
806 805
807 837
807 808
808 838
808 807
809 839
809 779
810 840
810 811
811 810
811 781
812 842
812 813
813 812
813 814
814 813
814 815
815 845
815 814
816 817
816 846
817 816
817 818
817 787
818 817
818 788
819 849
819 789
820 790
821 791
822 852
823 853
823 793
824 854
824 825
825 824
825 826
826 856
826 825
826 827
827 826
827 797
828 829
828 798
829 859
829 828
830 860
831 832
831 801
831 861
832 833
832 802
832 831
833 832
834 864
835 865
835 836
836 866
836 835
836 837
836 806
837 836
837 807
838 839
838 808
839 838
839 809
840 870
840 841
840 810
841 871
841 840
842 843
842 812
843 873
843 842
844 874
844 845
845 844
845 815
846 816
846 876
847 877
848 849
848 878
849 848
849 850
849 819
849 879
850 880
850 849
850 851
851 850
851 852
852 851
852 853
852 822
853 852
853 823
854 884
854 855
854 824
855 854
856 857
856 826
857 856
857 858
858 888
858 857
859 860
859 829
860 890
860 859
860 830
861 891
861 831
862 892
862 863
863 893
863 862
864 865
864 834
865 864
865 835
865 895
866 867
866 836
867 897
867 866
867 868
868 867
868 869
869 868
870 840
871 872
871 841
872 871
872 873
873 872
873 843
874 875
874 844
875 874
875 876
876 875
876 877
876 846
877 876
877 878
877 847
878 848
878 877
879 849
880 881
880 850
881 880
882 883
883 882
883 884
884 883
884 885
884 854
885 884
886 887
887 886
887 888
888 887
888 889
888 858
889 888
889 890
890 889
890 860
891 892
891 861
892 891
892 862
893 894
893 863
894 893
894 895
895 865
895 894
896 897
897 896
897 898
897 867
898 897
898 899
899 898
-1 60 gray
-1 449 gray
